2 Control Points
x, y, z, r1, r2, desc, id
204.68, 127.40, 0.00, 28.00, 28.00, , 1
Models count: 0
204.82, 128.09, 767.00, 2.00, 2.00, , 2
1059 vessel Segment Points
x, y, z, r1, r2
204.83, 126.82, 0.68, -1.00, -1.00
204.93, 126.20, 1.32, -1.00, -1.00
204.99, 125.50, 1.89, -1.00, -1.00
205.00, 124.73, 2.35, -1.00, -1.00
205.00, 123.89, 2.67, -1.00, -1.00
204.99, 123.03, 2.93, -1.00, -1.00
204.94, 122.19, 3.27, -1.00, -1.00
204.82, 121.50, 3.84, -1.00, -1.00
204.62, 120.85, 4.44, -1.00, -1.00
204.36, 120.07, 4.81, -1.00, -1.00
204.14, 119.26, 5.14, -1.00, -1.00
204.03, 118.53, 5.66, -1.00, -1.00
204.00, 117.88, 6.27, -1.00, -1.00
204.00, 117.17, 6.84, -1.00, -1.00
203.95, 116.41, 7.33, -1.00, -1.00
203.76, 115.73, 7.88, -1.00, -1.00
203.34, 115.28, 8.54, -1.00, -1.00
202.80, 115.08, 9.24, -1.00, -1.00
202.22, 114.98, 9.92, -1.00, -1.00
201.54, 114.81, 10.49, -1.00, -1.00
200.79, 114.48, 10.86, -1.00, -1.00
200.08, 114.16, 11.31, -1.00, -1.00
199.55, 114.00, 12.01, -1.00, -1.00
199.21, 113.87, 12.83, -1.00, -1.00
199.05, 113.61, 13.68, -1.00, -1.00
199.00, 113.25, 14.50, -1.00, -1.00
199.00, 112.85, 15.31, -1.00, -1.00
199.00, 112.44, 16.11, -1.00, -1.00
199.00, 112.04, 16.92, -1.00, -1.00
199.00, 111.64, 17.72, -1.00, -1.00
199.00, 111.24, 18.53, -1.00, -1.00
199.00, 110.83, 19.33, -1.00, -1.00
199.00, 110.47, 20.15, -1.00, -1.00
199.00, 110.20, 21.01, -1.00, -1.00
199.00, 110.06, 21.90, -1.00, -1.00
198.96, 110.01, 22.79, -1.00, -1.00
198.86, 110.00, 23.69, -1.00, -1.00
198.63, 109.99, 24.57, -1.00, -1.00
198.21, 109.93, 25.37, -1.00, -1.00
197.57, 109.70, 25.95, -1.00, -1.00
196.83, 109.34, 26.31, -1.00, -1.00
196.10, 109.09, 26.78, -1.00, -1.00
195.41, 108.99, 27.35, -1.00, -1.00
194.62, 108.93, 27.78, -1.00, -1.00
193.75, 108.83, 27.99, -1.00, -1.00
192.89, 108.67, 28.19, -1.00, -1.00
192.18, 108.41, 28.68, -1.00, -1.00
191.77, 108.10, 29.41, -1.00, -1.00
191.46, 107.79, 30.20, -1.00, -1.00
191.21, 107.51, 31.02, -1.00, -1.00
191.06, 107.31, 31.88, -1.00, -1.00
191.01, 107.17, 32.77, -1.00, -1.00
191.00, 107.08, 33.67, -1.00, -1.00
191.00, 107.03, 34.57, -1.00, -1.00
191.00, 107.01, 35.46, -1.00, -1.00
191.00, 107.00, 36.37, -1.00, -1.00
191.00, 107.00, 37.27, -1.00, -1.00
190.99, 107.00, 38.17, -1.00, -1.00
190.94, 106.98, 39.07, -1.00, -1.00
190.79, 106.93, 39.95, -1.00, -1.00
190.51, 106.82, 40.80, -1.00, -1.00
190.21, 106.65, 41.62, -1.00, -1.00
190.05, 106.43, 42.48, -1.00, -1.00
190.00, 106.19, 43.35, -1.00, -1.00
190.00, 105.94, 44.22, -1.00, -1.00
189.97, 105.69, 45.09, -1.00, -1.00
189.80, 105.44, 45.93, -1.00, -1.00
189.32, 105.23, 46.66, -1.00, -1.00
188.74, 105.09, 47.32, -1.00, -1.00
188.34, 105.02, 48.12, -1.00, -1.00
188.11, 105.00, 48.99, -1.00, -1.00
187.90, 105.00, 49.86, -1.00, -1.00
187.60, 105.00, 50.72, -1.00, -1.00
187.26, 105.00, 51.54, -1.00, -1.00
186.93, 105.00, 52.39, -1.00, -1.00
186.66, 104.99, 53.26, -1.00, -1.00
186.43, 104.96, 54.13, -1.00, -1.00
186.26, 104.88, 55.00, -1.00, -1.00
186.12, 104.70, 55.88, -1.00, -1.00
186.04, 104.33, 56.69, -1.00, -1.00
186.01, 103.79, 57.41, -1.00, -1.00
186.00, 103.32, 58.17, -1.00, -1.00
185.99, 103.09, 59.04, -1.00, -1.00
185.95, 103.01, 59.93, -1.00, -1.00
185.83, 103.00, 60.83, -1.00, -1.00
185.58, 102.99, 61.70, -1.00, -1.00
185.12, 102.91, 62.48, -1.00, -1.00
184.45, 102.64, 63.02, -1.00, -1.00
183.76, 102.24, 63.45, -1.00, -1.00
183.31, 101.93, 64.16, -1.00, -1.00
183.11, 101.67, 65.00, -1.00, -1.00
183.03, 101.26, 65.79, -1.00, -1.00
182.99, 100.71, 66.51, -1.00, -1.00
182.94, 100.26, 67.28, -1.00, -1.00
182.84, 100.05, 68.14, -1.00, -1.00
182.65, 99.97, 69.02, -1.00, -1.00
182.30, 99.90, 69.84, -1.00, -1.00
181.75, 99.73, 70.54, -1.00, -1.00
181.09, 99.42, 71.06, -1.00, -1.00
180.48, 98.93, 71.50, -1.00, -1.00
180.11, 98.27, 72.00, -1.00, -1.00
180.01, 97.59, 72.59, -1.00, -1.00
180.00, 96.99, 73.27, -1.00, -1.00
179.98, 96.52, 74.04, -1.00, -1.00
179.87, 96.20, 74.86, -1.00, -1.00
179.61, 96.04, 75.72, -1.00, -1.00
179.31, 95.98, 76.56, -1.00, -1.00
179.11, 95.92, 77.43, -1.00, -1.00
179.01, 95.80, 78.33, -1.00, -1.00
178.96, 95.59, 79.20, -1.00, -1.00
178.88, 95.20, 80.00, -1.00, -1.00
178.71, 94.63, 80.67, -1.00, -1.00
178.47, 93.97, 81.24, -1.00, -1.00
178.22, 93.23, 81.67, -1.00, -1.00
178.07, 92.38, 81.90, -1.00, -1.00
178.01, 91.48, 82.01, -1.00, -1.00
178.00, 90.60, 82.13, -1.00, -1.00
178.00, 89.74, 82.40, -1.00, -1.00
178.00, 88.98, 82.86, -1.00, -1.00
178.00, 88.31, 83.46, -1.00, -1.00
178.00, 87.71, 84.14, -1.00, -1.00
178.00, 87.18, 84.87, -1.00, -1.00
177.99, 86.71, 85.64, -1.00, -1.00
177.93, 86.31, 86.45, -1.00, -1.00
177.73, 86.00, 87.26, -1.00, -1.00
177.36, 85.73, 88.03, -1.00, -1.00
176.93, 85.27, 88.67, -1.00, -1.00
176.58, 84.57, 89.11, -1.00, -1.00
176.33, 83.79, 89.49, -1.00, -1.00
176.15, 83.03, 89.95, -1.00, -1.00
176.05, 82.33, 90.50, -1.00, -1.00
176.01, 81.71, 91.15, -1.00, -1.00
176.00, 81.17, 91.87, -1.00, -1.00
176.00, 80.71, 92.64, -1.00, -1.00
176.00, 80.36, 93.46, -1.00, -1.00
176.00, 80.14, 94.33, -1.00, -1.00
175.99, 80.04, 95.23, -1.00, -1.00
175.96, 80.00, 96.14, -1.00, -1.00
175.87, 80.00, 97.04, -1.00, -1.00
175.71, 80.00, 97.93, -1.00, -1.00
175.51, 79.97, 98.82, -1.00, -1.00
175.32, 79.91, 99.69, -1.00, -1.00
175.17, 79.78, 100.57, -1.00, -1.00
175.06, 79.49, 101.41, -1.00, -1.00
175.00, 78.97, 102.15, -1.00, -1.00
174.90, 78.32, 102.77, -1.00, -1.00
174.60, 77.69, 103.34, -1.00, -1.00
174.06, 77.24, 103.90, -1.00, -1.00
173.39, 77.05, 104.48, -1.00, -1.00
172.69, 77.00, 105.05, -1.00, -1.00
171.98, 77.00, 105.61, -1.00, -1.00
171.31, 77.00, 106.20, -1.00, -1.00
170.70, 77.00, 106.87, -1.00, -1.00
170.19, 77.00, 107.62, -1.00, -1.00
169.70, 77.00, 108.37, -1.00, -1.00
169.11, 76.99, 109.06, -1.00, -1.00
168.52, 76.93, 109.73, -1.00, -1.00
168.13, 76.70, 110.51, -1.00, -1.00
167.94, 76.31, 111.30, -1.00, -1.00
167.64, 75.83, 111.99, -1.00, -1.00
167.09, 75.36, 112.53, -1.00, -1.00
166.51, 75.09, 113.16, -1.00, -1.00
166.06, 75.01, 113.93, -1.00, -1.00
165.71, 75.00, 114.76, -1.00, -1.00
165.41, 75.00, 115.61, -1.00, -1.00
165.12, 75.00, 116.46, -1.00, -1.00
164.80, 75.00, 117.30, -1.00, -1.00
164.41, 75.00, 118.11, -1.00, -1.00
163.91, 75.00, 118.86, -1.00, -1.00
163.31, 75.00, 119.52, -1.00, -1.00
162.65, 75.00, 120.14, -1.00, -1.00
162.02, 75.00, 120.78, -1.00, -1.00
161.51, 75.00, 121.52, -1.00, -1.00
161.19, 75.00, 122.36, -1.00, -1.00
161.04, 75.00, 123.25, -1.00, -1.00
160.96, 75.00, 124.14, -1.00, -1.00
160.87, 75.00, 125.04, -1.00, -1.00
160.68, 75.00, 125.92, -1.00, -1.00
160.31, 75.00, 126.74, -1.00, -1.00
159.66, 75.00, 127.37, -1.00, -1.00
158.84, 74.99, 127.75, -1.00, -1.00
157.99, 74.94, 128.02, -1.00, -1.00
157.14, 74.84, 128.32, -1.00, -1.00
156.43, 74.65, 128.82, -1.00, -1.00
156.08, 74.41, 129.62, -1.00, -1.00
156.00, 74.21, 130.49, -1.00, -1.00
156.00, 74.08, 131.38, -1.00, -1.00
156.00, 74.01, 132.27, -1.00, -1.00
156.00, 73.96, 133.16, -1.00, -1.00
156.00, 73.87, 134.07, -1.00, -1.00
156.00, 73.70, 134.96, -1.00, -1.00
156.00, 73.51, 135.83, -1.00, -1.00
156.00, 73.33, 136.70, -1.00, -1.00
155.99, 73.19, 137.60, -1.00, -1.00
155.94, 73.09, 138.49, -1.00, -1.00
155.82, 73.03, 139.38, -1.00, -1.00
155.62, 73.01, 140.25, -1.00, -1.00
155.34, 73.00, 141.11, -1.00, -1.00
155.00, 73.00, 141.94, -1.00, -1.00
154.58, 72.98, 142.74, -1.00, -1.00
154.08, 72.91, 143.48, -1.00, -1.00
153.48, 72.77, 144.14, -1.00, -1.00
152.78, 72.55, 144.66, -1.00, -1.00
152.06, 72.29, 145.12, -1.00, -1.00
151.49, 72.09, 145.79, -1.00, -1.00
151.21, 72.00, 146.64, -1.00, -1.00
151.09, 71.94, 147.53, -1.00, -1.00
151.03, 71.82, 148.41, -1.00, -1.00
150.99, 71.63, 149.29, -1.00, -1.00
150.91, 71.42, 150.16, -1.00, -1.00
150.74, 71.23, 151.02, -1.00, -1.00
150.52, 71.11, 151.88, -1.00, -1.00
150.32, 71.04, 152.76, -1.00, -1.00
150.16, 71.01, 153.64, -1.00, -1.00
149.99, 71.00, 154.51, -1.00, -1.00
149.73, 71.00, 155.38, -1.00, -1.00
149.39, 70.96, 156.21, -1.00, -1.00
149.00, 70.80, 157.01, -1.00, -1.00
148.61, 70.42, 157.73, -1.00, -1.00
148.14, 69.92, 158.30, -1.00, -1.00
147.52, 69.43, 158.76, -1.00, -1.00
146.86, 69.12, 159.29, -1.00, -1.00
146.24, 69.01, 159.94, -1.00, -1.00
145.63, 69.00, 160.59, -1.00, -1.00
144.99, 69.00, 161.22, -1.00, -1.00
144.44, 69.00, 161.94, -1.00, -1.00
144.13, 69.00, 162.78, -1.00, -1.00
143.99, 68.97, 163.66, -1.00, -1.00
143.86, 68.86, 164.54, -1.00, -1.00
143.56, 68.57, 165.33, -1.00, -1.00
143.08, 68.13, 165.96, -1.00, -1.00
142.56, 67.73, 166.59, -1.00, -1.00
142.03, 67.42, 167.24, -1.00, -1.00
141.44, 67.21, 167.89, -1.00, -1.00
140.87, 67.08, 168.57, -1.00, -1.00
140.38, 67.02, 169.32, -1.00, -1.00
139.97, 67.00, 170.12, -1.00, -1.00
139.63, 67.00, 170.96, -1.00, -1.00
139.33, 67.00, 171.81, -1.00, -1.00
139.00, 67.00, 172.65, -1.00, -1.00
138.57, 67.00, 173.44, -1.00, -1.00
138.06, 67.00, 174.17, -1.00, -1.00
137.50, 67.00, 174.88, -1.00, -1.00
136.94, 67.00, 175.58, -1.00, -1.00
136.37, 67.00, 176.28, -1.00, -1.00
135.81, 67.00, 176.99, -1.00, -1.00
135.28, 67.00, 177.72, -1.00, -1.00
134.79, 67.00, 178.48, -1.00, -1.00
134.33, 67.00, 179.26, -1.00, -1.00
133.81, 67.00, 179.98, -1.00, -1.00
133.21, 67.00, 180.65, -1.00, -1.00
132.66, 67.00, 181.37, -1.00, -1.00
132.31, 67.00, 182.20, -1.00, -1.00
132.14, 67.00, 183.08, -1.00, -1.00
132.06, 67.00, 183.98, -1.00, -1.00
132.02, 67.00, 184.87, -1.00, -1.00
131.98, 67.00, 185.77, -1.00, -1.00
131.91, 67.00, 186.67, -1.00, -1.00
131.78, 67.00, 187.55, -1.00, -1.00
131.55, 67.00, 188.42, -1.00, -1.00
131.21, 67.00, 189.25, -1.00, -1.00
130.75, 67.00, 190.02, -1.00, -1.00
130.25, 67.00, 190.76, -1.00, -1.00
129.77, 67.00, 191.54, -1.00, -1.00
129.40, 67.00, 192.35, -1.00, -1.00
129.16, 67.00, 193.21, -1.00, -1.00
129.03, 67.00, 194.10, -1.00, -1.00
128.91, 67.00, 195.00, -1.00, -1.00
128.67, 67.00, 195.86, -1.00, -1.00
128.17, 67.00, 196.60, -1.00, -1.00
127.54, 67.00, 197.24, -1.00, -1.00
126.92, 67.00, 197.89, -1.00, -1.00
126.36, 67.00, 198.60, -1.00, -1.00
125.87, 67.00, 199.36, -1.00, -1.00
125.44, 67.00, 200.17, -1.00, -1.00
125.08, 67.00, 200.99, -1.00, -1.00
124.78, 67.00, 201.84, -1.00, -1.00
124.52, 67.00, 202.70, -1.00, -1.00
124.27, 67.00, 203.57, -1.00, -1.00
124.00, 67.00, 204.43, -1.00, -1.00
123.64, 67.00, 205.26, -1.00, -1.00
123.12, 67.00, 205.99, -1.00, -1.00
122.45, 67.00, 206.59, -1.00, -1.00
121.70, 67.00, 207.10, -1.00, -1.00
120.93, 67.00, 207.57, -1.00, -1.00
120.22, 67.00, 208.12, -1.00, -1.00
119.66, 67.00, 208.83, -1.00, -1.00
119.30, 67.00, 209.65, -1.00, -1.00
119.10, 67.00, 210.54, -1.00, -1.00
119.01, 67.00, 211.43, -1.00, -1.00
118.95, 67.00, 212.33, -1.00, -1.00
118.84, 67.00, 213.22, -1.00, -1.00
118.66, 67.00, 214.10, -1.00, -1.00
118.39, 67.00, 214.96, -1.00, -1.00
118.06, 67.00, 215.80, -1.00, -1.00
117.65, 67.00, 216.61, -1.00, -1.00
117.13, 67.00, 217.34, -1.00, -1.00
116.49, 67.00, 217.96, -1.00, -1.00
115.74, 67.00, 218.46, -1.00, -1.00
114.92, 67.00, 218.84, -1.00, -1.00
114.12, 67.00, 219.26, -1.00, -1.00
113.50, 67.00, 219.91, -1.00, -1.00
113.20, 67.00, 220.75, -1.00, -1.00
113.04, 67.00, 221.65, -1.00, -1.00
112.93, 67.00, 222.54, -1.00, -1.00
112.81, 67.00, 223.43, -1.00, -1.00
112.67, 67.00, 224.32, -1.00, -1.00
112.48, 67.00, 225.21, -1.00, -1.00
112.21, 67.00, 226.07, -1.00, -1.00
111.81, 67.00, 226.87, -1.00, -1.00
111.25, 67.00, 227.57, -1.00, -1.00
110.67, 67.00, 228.26, -1.00, -1.00
110.21, 67.00, 229.03, -1.00, -1.00
109.78, 67.00, 229.82, -1.00, -1.00
109.15, 67.00, 230.46, -1.00, -1.00
108.32, 67.00, 230.83, -1.00, -1.00
107.48, 67.00, 231.16, -1.00, -1.00
106.78, 67.00, 231.72, -1.00, -1.00
106.35, 67.00, 232.51, -1.00, -1.00
106.13, 67.00, 233.38, -1.00, -1.00
106.03, 67.01, 234.28, -1.00, -1.00
106.00, 67.05, 235.18, -1.00, -1.00
106.00, 67.14, 236.08, -1.00, -1.00
106.00, 67.30, 236.97, -1.00, -1.00
106.00, 67.49, 237.84, -1.00, -1.00
106.00, 67.68, 238.73, -1.00, -1.00
105.97, 67.81, 239.61, -1.00, -1.00
105.86, 67.92, 240.50, -1.00, -1.00
105.57, 67.98, 241.36, -1.00, -1.00
105.07, 68.00, 242.10, -1.00, -1.00
104.46, 68.00, 242.76, -1.00, -1.00
103.83, 68.00, 243.40, -1.00, -1.00
103.33, 68.00, 244.15, -1.00, -1.00
103.09, 68.00, 245.02, -1.00, -1.00
103.00, 68.00, 245.93, -1.00, -1.00
102.95, 68.00, 246.84, -1.00, -1.00
102.88, 68.00, 247.74, -1.00, -1.00
102.75, 68.00, 248.63, -1.00, -1.00
102.50, 68.00, 249.49, -1.00, -1.00
102.09, 68.00, 250.29, -1.00, -1.00
101.49, 68.03, 250.96, -1.00, -1.00
100.74, 68.11, 251.45, -1.00, -1.00
99.91, 68.26, 251.78, -1.00, -1.00
99.06, 68.46, 252.01, -1.00, -1.00
98.22, 68.69, 252.21, -1.00, -1.00
97.39, 68.89, 252.50, -1.00, -1.00
96.62, 68.98, 252.96, -1.00, -1.00
95.99, 69.00, 253.60, -1.00, -1.00
95.55, 69.00, 254.38, -1.00, -1.00
95.25, 69.00, 255.23, -1.00, -1.00
95.05, 69.00, 256.10, -1.00, -1.00
94.88, 69.00, 256.99, -1.00, -1.00
94.70, 69.00, 257.87, -1.00, -1.00
94.41, 69.00, 258.72, -1.00, -1.00
93.96, 69.00, 259.50, -1.00, -1.00
93.43, 69.00, 260.22, -1.00, -1.00
92.87, 69.00, 260.93, -1.00, -1.00
92.41, 69.03, 261.70, -1.00, -1.00
92.13, 69.09, 262.55, -1.00, -1.00
92.02, 69.22, 263.44, -1.00, -1.00
92.00, 69.49, 264.30, -1.00, -1.00
92.00, 69.96, 265.06, -1.00, -1.00
92.00, 70.56, 265.73, -1.00, -1.00
92.00, 71.13, 266.43, -1.00, -1.00
92.00, 71.66, 267.16, -1.00, -1.00
92.00, 72.33, 267.75, -1.00, -1.00
91.98, 73.16, 268.10, -1.00, -1.00
91.83, 74.02, 268.35, -1.00, -1.00
91.35, 74.67, 268.72, -1.00, -1.00
90.70, 74.91, 269.30, -1.00, -1.00
90.22, 74.98, 270.05, -1.00, -1.00
89.89, 75.03, 270.89, -1.00, -1.00
89.60, 75.15, 271.74, -1.00, -1.00
89.30, 75.36, 272.55, -1.00, -1.00
88.94, 75.61, 273.34, -1.00, -1.00
88.54, 75.81, 274.12, -1.00, -1.00
88.18, 75.93, 274.95, -1.00, -1.00
87.95, 75.98, 275.81, -1.00, -1.00
87.78, 76.00, 276.68, -1.00, -1.00
87.62, 76.00, 277.57, -1.00, -1.00
87.42, 76.00, 278.44, -1.00, -1.00
87.19, 76.00, 279.32, -1.00, -1.00
86.95, 76.00, 280.18, -1.00, -1.00
86.70, 76.00, 281.04, -1.00, -1.00
86.46, 76.00, 281.91, -1.00, -1.00
86.21, 76.00, 282.77, -1.00, -1.00
85.93, 76.00, 283.62, -1.00, -1.00
85.54, 76.00, 284.43, -1.00, -1.00
84.99, 76.00, 285.16, -1.00, -1.00
84.43, 76.00, 285.86, -1.00, -1.00
84.04, 76.00, 286.67, -1.00, -1.00
83.81, 76.02, 287.54, -1.00, -1.00
83.63, 76.10, 288.42, -1.00, -1.00
83.39, 76.28, 289.26, -1.00, -1.00
82.99, 76.54, 290.03, -1.00, -1.00
82.38, 76.76, 290.66, -1.00, -1.00
81.76, 76.91, 291.30, -1.00, -1.00
81.35, 76.98, 292.09, -1.00, -1.00
81.12, 77.04, 292.95, -1.00, -1.00
80.93, 77.18, 293.82, -1.00, -1.00
80.68, 77.48, 294.63, -1.00, -1.00
80.42, 77.80, 295.42, -1.00, -1.00
80.24, 77.95, 296.29, -1.00, -1.00
80.12, 78.01, 297.17, -1.00, -1.00
80.05, 78.06, 298.07, -1.00, -1.00
80.01, 78.15, 298.97, -1.00, -1.00
79.98, 78.34, 299.86, -1.00, -1.00
79.91, 78.73, 300.67, -1.00, -1.00
79.78, 79.32, 301.33, -1.00, -1.00
79.56, 79.80, 302.06, -1.00, -1.00
79.30, 79.97, 302.91, -1.00, -1.00
79.02, 80.00, 303.75, -1.00, -1.00
78.68, 80.01, 304.58, -1.00, -1.00
78.34, 80.08, 305.41, -1.00, -1.00
78.10, 80.34, 306.23, -1.00, -1.00
77.97, 80.85, 306.97, -1.00, -1.00
77.79, 81.52, 307.53, -1.00, -1.00
77.45, 82.29, 307.86, -1.00, -1.00
77.16, 83.10, 308.13, -1.00, -1.00
77.01, 83.91, 308.46, -1.00, -1.00
76.89, 84.72, 308.81, -1.00, -1.00
76.61, 85.53, 309.08, -1.00, -1.00
76.12, 86.24, 309.33, -1.00, -1.00
75.44, 86.70, 309.68, -1.00, -1.00
74.69, 86.90, 310.14, -1.00, -1.00
73.97, 86.98, 310.65, -1.00, -1.00
73.28, 87.05, 311.22, -1.00, -1.00
72.67, 87.25, 311.86, -1.00, -1.00
72.27, 87.73, 312.51, -1.00, -1.00
72.07, 88.45, 313.02, -1.00, -1.00
72.00, 89.27, 313.37, -1.00, -1.00
71.95, 90.09, 313.74, -1.00, -1.00
71.83, 90.85, 314.22, -1.00, -1.00
71.48, 91.51, 314.72, -1.00, -1.00
70.80, 92.06, 314.96, -1.00, -1.00
70.02, 92.51, 315.03, -1.00, -1.00
69.23, 92.94, 315.12, -1.00, -1.00
68.51, 93.39, 315.44, -1.00, -1.00
68.11, 93.70, 316.17, -1.00, -1.00
68.01, 93.86, 317.06, -1.00, -1.00
68.00, 93.94, 317.95, -1.00, -1.00
68.00, 93.98, 318.86, -1.00, -1.00
68.00, 94.03, 319.76, -1.00, -1.00
68.00, 94.13, 320.65, -1.00, -1.00
68.00, 94.35, 321.54, -1.00, -1.00
68.00, 94.65, 322.39, -1.00, -1.00
68.00, 94.92, 323.24, -1.00, -1.00
68.00, 95.12, 324.11, -1.00, -1.00
68.00, 95.28, 325.01, -1.00, -1.00
68.00, 95.45, 325.88, -1.00, -1.00
67.99, 95.67, 326.75, -1.00, -1.00
67.92, 96.00, 327.58, -1.00, -1.00
67.73, 96.51, 328.29, -1.00, -1.00
67.39, 97.18, 328.79, -1.00, -1.00
66.98, 97.92, 329.10, -1.00, -1.00
66.55, 98.58, 329.52, -1.00, -1.00
66.26, 98.91, 330.31, -1.00, -1.00
66.13, 98.99, 331.19, -1.00, -1.00
66.05, 99.00, 332.10, -1.00, -1.00
66.02, 99.01, 333.00, -1.00, -1.00
66.00, 99.06, 333.90, -1.00, -1.00
66.00, 99.23, 334.80, -1.00, -1.00
65.99, 99.58, 335.62, -1.00, -1.00
65.93, 100.09, 336.36, -1.00, -1.00
65.76, 100.62, 337.05, -1.00, -1.00
65.49, 101.19, 337.70, -1.00, -1.00
65.26, 101.85, 338.27, -1.00, -1.00
65.11, 102.55, 338.79, -1.00, -1.00
65.03, 103.23, 339.38, -1.00, -1.00
65.00, 103.83, 340.05, -1.00, -1.00
65.00, 104.40, 340.75, -1.00, -1.00
64.98, 104.95, 341.46, -1.00, -1.00
64.87, 105.44, 342.21, -1.00, -1.00
64.58, 105.76, 343.00, -1.00, -1.00
64.27, 105.91, 343.83, -1.00, -1.00
64.09, 105.97, 344.71, -1.00, -1.00
64.02, 106.02, 345.61, -1.00, -1.00
64.00, 106.11, 346.50, -1.00, -1.00
64.00, 106.31, 347.38, -1.00, -1.00
64.00, 106.66, 348.21, -1.00, -1.00
64.00, 107.17, 348.96, -1.00, -1.00
63.98, 107.78, 349.62, -1.00, -1.00
63.87, 108.37, 350.29, -1.00, -1.00
63.56, 108.77, 351.04, -1.00, -1.00
63.23, 109.08, 351.82, -1.00, -1.00
63.04, 109.52, 352.58, -1.00, -1.00
63.00, 110.13, 353.23, -1.00, -1.00
63.00, 110.88, 353.72, -1.00, -1.00
62.99, 111.68, 354.12, -1.00, -1.00
62.94, 112.39, 354.68, -1.00, -1.00
62.82, 112.81, 355.47, -1.00, -1.00
62.64, 113.21, 356.25, -1.00, -1.00
62.38, 113.90, 356.77, -1.00, -1.00
62.15, 114.68, 357.17, -1.00, -1.00
62.03, 115.32, 357.80, -1.00, -1.00
62.00, 115.78, 358.57, -1.00, -1.00
62.00, 116.19, 359.38, -1.00, -1.00
61.98, 116.57, 360.19, -1.00, -1.00
61.89, 116.90, 361.02, -1.00, -1.00
61.70, 117.13, 361.87, -1.00, -1.00
61.46, 117.32, 362.71, -1.00, -1.00
61.26, 117.54, 363.56, -1.00, -1.00
61.12, 117.80, 364.42, -1.00, -1.00
61.04, 118.07, 365.28, -1.00, -1.00
61.01, 118.31, 366.14, -1.00, -1.00
61.00, 118.53, 367.01, -1.00, -1.00
61.00, 118.70, 367.90, -1.00, -1.00
61.00, 118.83, 368.79, -1.00, -1.00
61.00, 118.92, 369.69, -1.00, -1.00
61.00, 118.97, 370.58, -1.00, -1.00
61.00, 119.00, 371.49, -1.00, -1.00
61.00, 119.03, 372.39, -1.00, -1.00
61.00, 119.08, 373.28, -1.00, -1.00
61.00, 119.18, 374.18, -1.00, -1.00
61.00, 119.39, 375.06, -1.00, -1.00
61.00, 119.81, 375.86, -1.00, -1.00
61.00, 120.38, 376.54, -1.00, -1.00
61.00, 120.98, 377.22, -1.00, -1.00
61.00, 121.46, 377.98, -1.00, -1.00
61.00, 121.89, 378.78, -1.00, -1.00
61.00, 122.30, 379.58, -1.00, -1.00
61.00, 122.81, 380.32, -1.00, -1.00
61.00, 123.54, 380.87, -1.00, -1.00
61.00, 124.38, 381.18, -1.00, -1.00
61.00, 125.22, 381.51, -1.00, -1.00
61.00, 125.92, 382.09, -1.00, -1.00
61.00, 126.38, 382.85, -1.00, -1.00
61.00, 126.72, 383.69, -1.00, -1.00
61.00, 127.00, 384.54, -1.00, -1.00
61.00, 127.26, 385.41, -1.00, -1.00
61.00, 127.51, 386.27, -1.00, -1.00
61.00, 127.77, 387.13, -1.00, -1.00
61.00, 128.07, 387.98, -1.00, -1.00
61.00, 128.42, 388.80, -1.00, -1.00
61.00, 128.84, 389.60, -1.00, -1.00
61.00, 129.32, 390.35, -1.00, -1.00
61.00, 129.84, 391.08, -1.00, -1.00
61.00, 130.35, 391.83, -1.00, -1.00
61.00, 130.81, 392.61, -1.00, -1.00
61.00, 131.29, 393.36, -1.00, -1.00
61.00, 131.87, 394.04, -1.00, -1.00
61.00, 132.46, 394.72, -1.00, -1.00
61.00, 132.90, 395.50, -1.00, -1.00
61.00, 133.18, 396.35, -1.00, -1.00
61.00, 133.50, 397.19, -1.00, -1.00
61.00, 134.06, 397.89, -1.00, -1.00
61.00, 134.82, 398.37, -1.00, -1.00
61.00, 135.65, 398.71, -1.00, -1.00
61.00, 136.50, 398.99, -1.00, -1.00
61.00, 137.36, 399.25, -1.00, -1.00
61.00, 138.23, 399.49, -1.00, -1.00
61.00, 139.08, 399.75, -1.00, -1.00
61.00, 139.93, 400.05, -1.00, -1.00
61.00, 140.76, 400.43, -1.00, -1.00
61.00, 141.45, 401.00, -1.00, -1.00
61.00, 141.84, 401.81, -1.00, -1.00
61.00, 141.99, 402.69, -1.00, -1.00
61.00, 142.08, 403.60, -1.00, -1.00
61.00, 142.21, 404.49, -1.00, -1.00
61.00, 142.43, 405.35, -1.00, -1.00
61.00, 142.76, 406.19, -1.00, -1.00
61.00, 143.20, 406.97, -1.00, -1.00
61.00, 143.61, 407.76, -1.00, -1.00
61.00, 143.87, 408.63, -1.00, -1.00
61.00, 144.00, 409.53, -1.00, -1.00
61.00, 144.10, 410.41, -1.00, -1.00
61.00, 144.28, 411.30, -1.00, -1.00
61.01, 144.63, 412.14, -1.00, -1.00
61.06, 145.15, 412.87, -1.00, -1.00
61.18, 145.83, 413.46, -1.00, -1.00
61.36, 146.59, 413.90, -1.00, -1.00
61.61, 147.35, 414.28, -1.00, -1.00
61.85, 148.08, 414.76, -1.00, -1.00
61.97, 148.66, 415.44, -1.00, -1.00
62.00, 149.14, 416.20, -1.00, -1.00
62.00, 149.62, 416.96, -1.00, -1.00
62.00, 150.17, 417.65, -1.00, -1.00
62.00, 150.83, 418.27, -1.00, -1.00
62.00, 151.58, 418.78, -1.00, -1.00
62.00, 152.33, 419.27, -1.00, -1.00
62.00, 153.01, 419.86, -1.00, -1.00
62.00, 153.53, 420.59, -1.00, -1.00
62.00, 153.83, 421.45, -1.00, -1.00
62.00, 153.97, 422.33, -1.00, -1.00
62.00, 154.05, 423.24, -1.00, -1.00
62.00, 154.15, 424.14, -1.00, -1.00
62.00, 154.34, 425.02, -1.00, -1.00
62.00, 154.70, 425.85, -1.00, -1.00
62.00, 155.30, 426.52, -1.00, -1.00
62.06, 156.02, 427.07, -1.00, -1.00
62.28, 156.69, 427.63, -1.00, -1.00
62.65, 157.19, 428.27, -1.00, -1.00
62.91, 157.74, 428.92, -1.00, -1.00
62.99, 158.42, 429.50, -1.00, -1.00
63.00, 159.15, 430.01, -1.00, -1.00
63.00, 159.93, 430.47, -1.00, -1.00
63.00, 160.68, 430.95, -1.00, -1.00
63.00, 161.36, 431.53, -1.00, -1.00
63.00, 162.02, 432.14, -1.00, -1.00
63.00, 162.75, 432.65, -1.00, -1.00
63.00, 163.56, 433.04, -1.00, -1.00
63.00, 164.35, 433.48, -1.00, -1.00
63.01, 164.99, 434.13, -1.00, -1.00
63.09, 165.49, 434.88, -1.00, -1.00
63.36, 165.97, 435.59, -1.00, -1.00
63.75, 166.42, 436.26, -1.00, -1.00
64.05, 166.72, 437.06, -1.00, -1.00
64.24, 166.87, 437.93, -1.00, -1.00
64.42, 166.95, 438.81, -1.00, -1.00
64.63, 167.00, 439.69, -1.00, -1.00
64.82, 167.06, 440.56, -1.00, -1.00
64.94, 167.19, 441.44, -1.00, -1.00
64.99, 167.39, 442.32, -1.00, -1.00
65.00, 167.63, 443.19, -1.00, -1.00
65.00, 167.87, 444.05, -1.00, -1.00
64.94, 168.16, 444.90, -1.00, -1.00
64.74, 168.53, 445.70, -1.00, -1.00
64.38, 169.05, 446.33, -1.00, -1.00
64.10, 169.75, 446.83, -1.00, -1.00
64.01, 170.54, 447.25, -1.00, -1.00
64.00, 171.37, 447.60, -1.00, -1.00
64.00, 172.22, 447.91, -1.00, -1.00
64.00, 173.05, 448.25, -1.00, -1.00
64.00, 173.81, 448.72, -1.00, -1.00
64.03, 174.42, 449.39, -1.00, -1.00
64.13, 174.81, 450.20, -1.00, -1.00
64.33, 174.96, 451.06, -1.00, -1.00
64.63, 175.00, 451.91, -1.00, -1.00
65.06, 175.00, 452.71, -1.00, -1.00
65.64, 175.00, 453.39, -1.00, -1.00
66.40, 175.00, 453.86, -1.00, -1.00
67.25, 175.02, 454.14, -1.00, -1.00
68.09, 175.15, 454.41, -1.00, -1.00
68.71, 175.58, 454.92, -1.00, -1.00
68.92, 176.10, 455.62, -1.00, -1.00
68.98, 176.50, 456.42, -1.00, -1.00
69.00, 176.81, 457.26, -1.00, -1.00
69.00, 177.12, 458.10, -1.00, -1.00
69.01, 177.48, 458.93, -1.00, -1.00
69.08, 177.90, 459.71, -1.00, -1.00
69.29, 178.36, 460.46, -1.00, -1.00
69.73, 178.76, 461.13, -1.00, -1.00
70.42, 178.96, 461.68, -1.00, -1.00
71.11, 179.00, 462.26, -1.00, -1.00
71.59, 179.00, 463.01, -1.00, -1.00
71.85, 179.01, 463.88, -1.00, -1.00
72.03, 179.05, 464.76, -1.00, -1.00
72.24, 179.13, 465.63, -1.00, -1.00
72.48, 179.27, 466.49, -1.00, -1.00
72.69, 179.48, 467.33, -1.00, -1.00
72.87, 179.72, 468.18, -1.00, -1.00
73.06, 179.95, 469.03, -1.00, -1.00
73.30, 180.16, 469.87, -1.00, -1.00
73.56, 180.46, 470.68, -1.00, -1.00
73.78, 181.01, 471.36, -1.00, -1.00
73.92, 181.65, 471.98, -1.00, -1.00
73.98, 182.14, 472.75, -1.00, -1.00
74.00, 182.51, 473.56, -1.00, -1.00
74.00, 182.96, 474.35, -1.00, -1.00
74.03, 183.55, 475.03, -1.00, -1.00
74.17, 184.17, 475.67, -1.00, -1.00
74.51, 184.67, 476.33, -1.00, -1.00
74.90, 185.18, 476.96, -1.00, -1.00
75.16, 185.84, 477.50, -1.00, -1.00
75.38, 186.53, 478.03, -1.00, -1.00
75.65, 187.14, 478.64, -1.00, -1.00
75.88, 187.73, 479.28, -1.00, -1.00
75.98, 188.38, 479.91, -1.00, -1.00
76.00, 188.98, 480.57, -1.00, -1.00
76.00, 189.44, 481.34, -1.00, -1.00
76.05, 189.73, 482.18, -1.00, -1.00
76.19, 189.90, 483.05, -1.00, -1.00
76.49, 189.98, 483.90, -1.00, -1.00
76.90, 190.00, 484.69, -1.00, -1.00
77.40, 190.00, 485.44, -1.00, -1.00
78.02, 190.02, 486.11, -1.00, -1.00
78.78, 190.08, 486.58, -1.00, -1.00
79.62, 190.21, 486.89, -1.00, -1.00
80.38, 190.41, 487.32, -1.00, -1.00
80.79, 190.68, 488.06, -1.00, -1.00
80.93, 190.95, 488.91, -1.00, -1.00
80.98, 191.21, 489.76, -1.00, -1.00
81.00, 191.46, 490.62, -1.00, -1.00
81.00, 191.71, 491.49, -1.00, -1.00
81.03, 191.97, 492.35, -1.00, -1.00
81.23, 192.26, 493.17, -1.00, -1.00
81.85, 192.59, 493.74, -1.00, -1.00
82.61, 192.84, 494.13, -1.00, -1.00
83.27, 192.97, 494.74, -1.00, -1.00
83.73, 193.02, 495.51, -1.00, -1.00
84.08, 193.09, 496.34, -1.00, -1.00
84.38, 193.22, 497.17, -1.00, -1.00
84.63, 193.47, 498.01, -1.00, -1.00
84.82, 193.85, 498.80, -1.00, -1.00
84.94, 194.37, 499.53, -1.00, -1.00
84.99, 194.99, 500.18, -1.00, -1.00
85.03, 195.55, 500.89, -1.00, -1.00
85.11, 195.88, 501.73, -1.00, -1.00
85.30, 195.99, 502.61, -1.00, -1.00
85.72, 196.00, 503.40, -1.00, -1.00
86.46, 196.00, 503.93, -1.00, -1.00
87.29, 196.00, 504.27, -1.00, -1.00
88.12, 196.00, 504.60, -1.00, -1.00
88.92, 196.00, 505.01, -1.00, -1.00
89.66, 196.00, 505.53, -1.00, -1.00
90.29, 196.00, 506.16, -1.00, -1.00
90.83, 196.00, 506.88, -1.00, -1.00
91.30, 196.00, 507.66, -1.00, -1.00
91.73, 196.00, 508.46, -1.00, -1.00
92.13, 196.00, 509.27, -1.00, -1.00
92.53, 196.03, 510.08, -1.00, -1.00
92.87, 196.15, 510.89, -1.00, -1.00
93.15, 196.45, 511.69, -1.00, -1.00
93.57, 196.79, 512.40, -1.00, -1.00
94.29, 196.96, 512.91, -1.00, -1.00
95.05, 197.00, 513.39, -1.00, -1.00
95.60, 197.00, 514.11, -1.00, -1.00
95.90, 197.00, 514.97, -1.00, -1.00
96.16, 197.00, 515.83, -1.00, -1.00
96.58, 197.00, 516.63, -1.00, -1.00
97.15, 197.03, 517.33, -1.00, -1.00
97.83, 197.12, 517.92, -1.00, -1.00
98.52, 197.28, 518.47, -1.00, -1.00
99.09, 197.52, 519.12, -1.00, -1.00
99.45, 197.77, 519.91, -1.00, -1.00
99.67, 197.92, 520.77, -1.00, -1.00
99.83, 197.99, 521.66, -1.00, -1.00
99.98, 198.00, 522.54, -1.00, -1.00
100.16, 198.00, 523.42, -1.00, -1.00
100.40, 198.03, 524.29, -1.00, -1.00
100.73, 198.17, 525.12, -1.00, -1.00
101.19, 198.50, 525.83, -1.00, -1.00
101.74, 198.84, 526.46, -1.00, -1.00
102.29, 198.98, 527.15, -1.00, -1.00
102.74, 199.00, 527.94, -1.00, -1.00
103.04, 199.00, 528.80, -1.00, -1.00
103.31, 199.00, 529.66, -1.00, -1.00
103.76, 199.00, 530.44, -1.00, -1.00
104.48, 199.00, 530.96, -1.00, -1.00
105.29, 199.00, 531.37, -1.00, -1.00
106.02, 199.00, 531.90, -1.00, -1.00
106.62, 199.00, 532.58, -1.00, -1.00
107.12, 199.00, 533.33, -1.00, -1.00
107.56, 199.02, 534.11, -1.00, -1.00
108.00, 199.11, 534.89, -1.00, -1.00
108.46, 199.32, 535.62, -1.00, -1.00
108.90, 199.59, 536.36, -1.00, -1.00
109.26, 199.79, 537.18, -1.00, -1.00
109.51, 199.91, 538.03, -1.00, -1.00
109.70, 199.97, 538.90, -1.00, -1.00
109.85, 199.99, 539.78, -1.00, -1.00
110.00, 200.00, 540.67, -1.00, -1.00
110.19, 200.00, 541.55, -1.00, -1.00
110.39, 200.00, 542.42, -1.00, -1.00
110.59, 200.00, 543.30, -1.00, -1.00
110.76, 200.00, 544.19, -1.00, -1.00
110.92, 200.00, 545.07, -1.00, -1.00
111.13, 200.00, 545.95, -1.00, -1.00
111.43, 200.00, 546.79, -1.00, -1.00
111.81, 200.00, 547.61, -1.00, -1.00
112.21, 200.00, 548.42, -1.00, -1.00
112.61, 200.00, 549.22, -1.00, -1.00
113.01, 200.00, 550.02, -1.00, -1.00
113.40, 200.00, 550.84, -1.00, -1.00
113.71, 200.00, 551.68, -1.00, -1.00
113.90, 200.00, 552.55, -1.00, -1.00
113.98, 200.00, 553.45, -1.00, -1.00
114.03, 200.00, 554.35, -1.00, -1.00
114.08, 200.00, 555.25, -1.00, -1.00
114.18, 200.00, 556.14, -1.00, -1.00
114.42, 200.00, 557.01, -1.00, -1.00
114.91, 200.00, 557.76, -1.00, -1.00
115.65, 200.00, 558.28, -1.00, -1.00
116.47, 200.00, 558.64, -1.00, -1.00
117.30, 200.00, 558.96, -1.00, -1.00
118.07, 200.00, 559.41, -1.00, -1.00
118.61, 200.00, 560.14, -1.00, -1.00
118.90, 200.00, 560.99, -1.00, -1.00
119.17, 200.00, 561.85, -1.00, -1.00
119.58, 200.00, 562.64, -1.00, -1.00
120.14, 200.00, 563.35, -1.00, -1.00
120.78, 200.00, 563.98, -1.00, -1.00
121.41, 200.00, 564.62, -1.00, -1.00
121.95, 200.00, 565.35, -1.00, -1.00
122.32, 200.00, 566.16, -1.00, -1.00
122.67, 200.00, 566.99, -1.00, -1.00
123.10, 200.00, 567.79, -1.00, -1.00
123.67, 200.00, 568.49, -1.00, -1.00
124.35, 200.00, 569.07, -1.00, -1.00
125.12, 200.00, 569.56, -1.00, -1.00
125.88, 200.00, 570.02, -1.00, -1.00
126.62, 200.00, 570.54, -1.00, -1.00
127.23, 200.00, 571.20, -1.00, -1.00
127.63, 200.00, 572.01, -1.00, -1.00
127.84, 200.00, 572.88, -1.00, -1.00
127.97, 200.00, 573.76, -1.00, -1.00
128.08, 200.00, 574.65, -1.00, -1.00
128.20, 200.00, 575.54, -1.00, -1.00
128.35, 200.00, 576.43, -1.00, -1.00
128.55, 200.00, 577.31, -1.00, -1.00
128.85, 200.00, 578.16, -1.00, -1.00
129.34, 200.00, 578.91, -1.00, -1.00
130.04, 200.00, 579.48, -1.00, -1.00
130.83, 200.00, 579.91, -1.00, -1.00
131.62, 200.00, 580.32, -1.00, -1.00
132.39, 200.00, 580.79, -1.00, -1.00
133.05, 200.00, 581.40, -1.00, -1.00
133.53, 200.00, 582.16, -1.00, -1.00
133.86, 200.00, 583.01, -1.00, -1.00
134.08, 200.00, 583.87, -1.00, -1.00
134.31, 200.00, 584.74, -1.00, -1.00
134.72, 200.00, 585.54, -1.00, -1.00
135.36, 200.00, 586.17, -1.00, -1.00
136.06, 200.00, 586.73, -1.00, -1.00
136.65, 200.00, 587.41, -1.00, -1.00
137.15, 200.00, 588.16, -1.00, -1.00
137.72, 200.00, 588.87, -1.00, -1.00
138.35, 199.99, 589.50, -1.00, -1.00
138.98, 199.93, 590.16, -1.00, -1.00
139.49, 199.81, 590.89, -1.00, -1.00
139.82, 199.63, 591.71, -1.00, -1.00
139.97, 199.41, 592.57, -1.00, -1.00
140.08, 199.20, 593.45, -1.00, -1.00
140.27, 199.06, 594.31, -1.00, -1.00
140.61, 199.01, 595.15, -1.00, -1.00
141.04, 199.00, 595.93, -1.00, -1.00
141.55, 199.00, 596.66, -1.00, -1.00
142.10, 199.00, 597.37, -1.00, -1.00
142.65, 199.00, 598.07, -1.00, -1.00
143.17, 199.00, 598.82, -1.00, -1.00
143.55, 199.00, 599.63, -1.00, -1.00
143.79, 199.00, 600.50, -1.00, -1.00
143.98, 199.00, 601.38, -1.00, -1.00
144.22, 199.00, 602.25, -1.00, -1.00
144.57, 199.00, 603.08, -1.00, -1.00
145.01, 199.00, 603.86, -1.00, -1.00
145.51, 199.00, 604.60, -1.00, -1.00
146.08, 199.00, 605.29, -1.00, -1.00
146.71, 199.00, 605.92, -1.00, -1.00
147.38, 198.97, 606.52, -1.00, -1.00
148.02, 198.85, 607.13, -1.00, -1.00
148.59, 198.61, 607.80, -1.00, -1.00
149.08, 198.35, 608.52, -1.00, -1.00
149.55, 198.17, 609.26, -1.00, -1.00
149.99, 198.06, 610.03, -1.00, -1.00
150.40, 198.01, 610.82, -1.00, -1.00
150.78, 198.00, 611.64, -1.00, -1.00
151.10, 198.00, 612.48, -1.00, -1.00
151.37, 197.98, 613.34, -1.00, -1.00
151.59, 197.90, 614.21, -1.00, -1.00
151.78, 197.72, 615.08, -1.00, -1.00
151.96, 197.50, 615.93, -1.00, -1.00
152.17, 197.29, 616.78, -1.00, -1.00
152.43, 197.14, 617.63, -1.00, -1.00
152.70, 197.05, 618.49, -1.00, -1.00
152.97, 197.01, 619.35, -1.00, -1.00
153.27, 197.00, 620.18, -1.00, -1.00
153.68, 197.00, 620.99, -1.00, -1.00
154.16, 197.00, 621.75, -1.00, -1.00
154.60, 197.00, 622.53, -1.00, -1.00
154.96, 197.00, 623.35, -1.00, -1.00
155.36, 197.00, 624.16, -1.00, -1.00
155.95, 197.00, 624.85, -1.00, -1.00
156.64, 197.00, 625.42, -1.00, -1.00
157.25, 197.00, 626.08, -1.00, -1.00
157.66, 197.00, 626.88, -1.00, -1.00
157.97, 197.00, 627.72, -1.00, -1.00
158.31, 197.00, 628.56, -1.00, -1.00
158.68, 197.00, 629.36, -1.00, -1.00
159.08, 197.00, 630.17, -1.00, -1.00
159.48, 197.00, 630.98, -1.00, -1.00
159.85, 197.00, 631.81, -1.00, -1.00
160.16, 197.00, 632.66, -1.00, -1.00
160.47, 196.93, 633.49, -1.00, -1.00
160.84, 196.67, 634.25, -1.00, -1.00
161.31, 196.06, 634.73, -1.00, -1.00
161.71, 195.28, 634.92, -1.00, -1.00
162.05, 194.45, 635.01, -1.00, -1.00
162.49, 193.68, 635.16, -1.00, -1.00
163.18, 193.22, 635.51, -1.00, -1.00
163.95, 193.07, 635.94, -1.00, -1.00
164.74, 193.01, 636.39, -1.00, -1.00
165.42, 193.00, 636.96, -1.00, -1.00
165.83, 193.00, 637.76, -1.00, -1.00
165.99, 193.00, 638.63, -1.00, -1.00
166.11, 193.00, 639.53, -1.00, -1.00
166.31, 193.00, 640.41, -1.00, -1.00
166.65, 193.00, 641.24, -1.00, -1.00
167.11, 193.00, 642.02, -1.00, -1.00
167.61, 193.00, 642.76, -1.00, -1.00
168.13, 193.00, 643.49, -1.00, -1.00
168.60, 193.00, 644.27, -1.00, -1.00
169.01, 193.00, 645.08, -1.00, -1.00
169.35, 193.00, 645.91, -1.00, -1.00
169.63, 192.97, 646.76, -1.00, -1.00
169.85, 192.81, 647.62, -1.00, -1.00
169.98, 192.37, 648.39, -1.00, -1.00
170.14, 191.78, 649.03, -1.00, -1.00
170.61, 191.30, 649.64, -1.00, -1.00
171.22, 191.07, 650.25, -1.00, -1.00
171.66, 190.91, 651.02, -1.00, -1.00
171.92, 190.76, 651.87, -1.00, -1.00
172.19, 190.55, 652.71, -1.00, -1.00
172.60, 190.25, 653.46, -1.00, -1.00
173.03, 189.85, 654.14, -1.00, -1.00
173.43, 189.41, 654.81, -1.00, -1.00
173.90, 189.04, 655.49, -1.00, -1.00
174.44, 188.74, 656.14, -1.00, -1.00
174.85, 188.23, 656.76, -1.00, -1.00
174.98, 187.49, 657.26, -1.00, -1.00
175.00, 186.73, 657.72, -1.00, -1.00
175.01, 185.99, 658.25, -1.00, -1.00
175.11, 185.39, 658.91, -1.00, -1.00
175.39, 185.07, 659.72, -1.00, -1.00
175.72, 184.95, 660.54, -1.00, -1.00
176.01, 184.82, 661.37, -1.00, -1.00
176.27, 184.59, 662.20, -1.00, -1.00
176.76, 184.33, 662.92, -1.00, -1.00
177.49, 184.15, 663.42, -1.00, -1.00
178.22, 184.05, 663.94, -1.00, -1.00
178.80, 184.00, 664.63, -1.00, -1.00
179.32, 183.96, 665.35, -1.00, -1.00
179.95, 183.86, 665.99, -1.00, -1.00
180.58, 183.62, 666.58, -1.00, -1.00
180.92, 183.17, 667.28, -1.00, -1.00
181.00, 182.71, 668.04, -1.00, -1.00
181.00, 182.37, 668.88, -1.00, -1.00
181.00, 182.18, 669.76, -1.00, -1.00
181.00, 182.04, 670.65, -1.00, -1.00
181.00, 181.93, 671.54, -1.00, -1.00
181.03, 181.81, 672.43, -1.00, -1.00
181.14, 181.64, 673.31, -1.00, -1.00
181.43, 181.40, 674.12, -1.00, -1.00
181.99, 181.16, 674.80, -1.00, -1.00
182.72, 181.03, 675.32, -1.00, -1.00
183.48, 180.92, 675.78, -1.00, -1.00
184.19, 180.67, 676.27, -1.00, -1.00
184.70, 180.25, 676.88, -1.00, -1.00
184.93, 179.86, 677.67, -1.00, -1.00
185.04, 179.56, 678.51, -1.00, -1.00
185.22, 179.27, 679.34, -1.00, -1.00
185.56, 178.90, 680.09, -1.00, -1.00
185.87, 178.32, 680.71, -1.00, -1.00
186.03, 177.58, 681.20, -1.00, -1.00
186.31, 176.84, 681.64, -1.00, -1.00
186.91, 176.31, 682.06, -1.00, -1.00
187.50, 175.89, 682.57, -1.00, -1.00
187.82, 175.45, 683.29, -1.00, -1.00
187.94, 175.06, 684.10, -1.00, -1.00
187.99, 174.74, 684.95, -1.00, -1.00
188.00, 174.45, 685.80, -1.00, -1.00
188.00, 174.14, 686.63, -1.00, -1.00
188.02, 173.77, 687.46, -1.00, -1.00
188.11, 173.39, 688.27, -1.00, -1.00
188.31, 173.04, 689.07, -1.00, -1.00
188.57, 172.68, 689.85, -1.00, -1.00
188.78, 172.28, 690.62, -1.00, -1.00
189.02, 171.85, 691.38, -1.00, -1.00
189.37, 171.45, 692.12, -1.00, -1.00
189.74, 171.07, 692.85, -1.00, -1.00
189.95, 170.68, 693.64, -1.00, -1.00
190.06, 170.34, 694.46, -1.00, -1.00
190.25, 170.10, 695.30, -1.00, -1.00
190.59, 169.99, 696.13, -1.00, -1.00
191.02, 169.88, 696.92, -1.00, -1.00
191.50, 169.66, 697.65, -1.00, -1.00
191.99, 169.34, 698.33, -1.00, -1.00
192.49, 168.98, 698.97, -1.00, -1.00
192.96, 168.42, 699.51, -1.00, -1.00
193.32, 167.66, 699.85, -1.00, -1.00
193.60, 166.91, 700.26, -1.00, -1.00
193.81, 166.39, 700.97, -1.00, -1.00
193.92, 166.08, 701.81, -1.00, -1.00
193.98, 165.82, 702.66, -1.00, -1.00
194.00, 165.54, 703.53, -1.00, -1.00
194.00, 165.24, 704.37, -1.00, -1.00
194.02, 164.89, 705.19, -1.00, -1.00
194.20, 164.47, 705.98, -1.00, -1.00
194.73, 164.07, 706.58, -1.00, -1.00
195.36, 163.72, 707.12, -1.00, -1.00
195.75, 163.39, 707.87, -1.00, -1.00
195.91, 163.11, 708.70, -1.00, -1.00
195.97, 162.85, 709.55, -1.00, -1.00
196.00, 162.56, 710.41, -1.00, -1.00
196.00, 162.21, 711.24, -1.00, -1.00
196.01, 161.74, 712.01, -1.00, -1.00
196.07, 161.18, 712.70, -1.00, -1.00
196.26, 160.54, 713.32, -1.00, -1.00
196.56, 159.94, 713.91, -1.00, -1.00
196.90, 159.46, 714.61, -1.00, -1.00
197.22, 159.08, 715.36, -1.00, -1.00
197.55, 158.66, 716.09, -1.00, -1.00
197.85, 158.18, 716.79, -1.00, -1.00
198.08, 157.70, 717.52, -1.00, -1.00
198.28, 157.26, 718.28, -1.00, -1.00
198.51, 156.87, 719.05, -1.00, -1.00
198.76, 156.54, 719.85, -1.00, -1.00
198.92, 156.25, 720.68, -1.00, -1.00
199.00, 155.97, 721.53, -1.00, -1.00
199.04, 155.63, 722.36, -1.00, -1.00
199.14, 155.14, 723.13, -1.00, -1.00
199.32, 154.57, 723.80, -1.00, -1.00
199.58, 154.01, 724.45, -1.00, -1.00
199.92, 153.53, 725.12, -1.00, -1.00
200.35, 153.12, 725.79, -1.00, -1.00
200.74, 152.74, 726.51, -1.00, -1.00
200.94, 152.35, 727.30, -1.00, -1.00
201.00, 151.93, 728.09, -1.00, -1.00
201.00, 151.45, 728.85, -1.00, -1.00
201.00, 150.93, 729.57, -1.00, -1.00
201.00, 150.38, 730.28, -1.00, -1.00
201.01, 149.82, 730.98, -1.00, -1.00
201.10, 149.29, 731.69, -1.00, -1.00
201.37, 148.82, 732.42, -1.00, -1.00
201.72, 148.46, 733.16, -1.00, -1.00
201.93, 148.17, 733.97, -1.00, -1.00
201.99, 147.89, 734.84, -1.00, -1.00
202.00, 147.58, 735.68, -1.00, -1.00
202.00, 147.22, 736.52, -1.00, -1.00
202.00, 146.80, 737.31, -1.00, -1.00
202.00, 146.30, 738.07, -1.00, -1.00
202.05, 145.76, 738.78, -1.00, -1.00
202.27, 145.19, 739.45, -1.00, -1.00
202.64, 144.65, 740.07, -1.00, -1.00
202.91, 144.16, 740.78, -1.00, -1.00
202.99, 143.72, 741.57, -1.00, -1.00
203.00, 143.32, 742.36, -1.00, -1.00
203.00, 142.91, 743.16, -1.00, -1.00
203.00, 142.44, 743.93, -1.00, -1.00
203.00, 141.88, 744.62, -1.00, -1.00
203.00, 141.24, 745.26, -1.00, -1.00
203.00, 140.65, 745.94, -1.00, -1.00
203.02, 140.17, 746.70, -1.00, -1.00
203.09, 139.77, 747.50, -1.00, -1.00
203.28, 139.41, 748.31, -1.00, -1.00
203.54, 139.06, 749.09, -1.00, -1.00
203.75, 138.66, 749.87, -1.00, -1.00
203.90, 138.20, 750.62, -1.00, -1.00
203.97, 137.69, 751.36, -1.00, -1.00
204.00, 137.14, 752.07, -1.00, -1.00
204.00, 136.58, 752.78, -1.00, -1.00
204.00, 136.02, 753.49, -1.00, -1.00
204.00, 135.50, 754.22, -1.00, -1.00
204.00, 135.03, 755.00, -1.00, -1.00
204.00, 134.60, 755.80, -1.00, -1.00
204.00, 134.20, 756.60, -1.00, -1.00
204.00, 133.79, 757.40, -1.00, -1.00
204.00, 133.34, 758.18, -1.00, -1.00
204.00, 132.83, 758.93, -1.00, -1.00
204.00, 132.29, 759.64, -1.00, -1.00
204.00, 131.73, 760.34, -1.00, -1.00
204.00, 131.19, 761.06, -1.00, -1.00
204.00, 130.69, 761.81, -1.00, -1.00
204.01, 130.24, 762.59, -1.00, -1.00
204.09, 129.83, 763.38, -1.00, -1.00
204.21, 129.44, 764.18, -1.00, -1.00
204.36, 129.05, 764.98, -1.00, -1.00
204.53, 128.67, 765.78, -1.00, -1.00
204.72, 128.29, 766.57, 2.00, 2.00
